4 20. 
1 1 1 1 1 1 1 1 1 1 1 1 1 1 1 1 1 1 1 1
DCP
(0, 1)
A
(1, 0)
(1, 0)
B
swaped
(1, 0)
(0, 1)
A
(3, 0)
(3, 0)
swaped
(3, 0)
(0, 1)
B
B
DCP
(1, 1)
A
(3, 0)
(3, 0)
B
swaped
(2, 0)
(1, 1)
B
A
DCP
(2, 1)
A
(3, 0)
(3, 0)
A
swaped
(3, 0)
(2, 1)
B
(0, 1)
(0, 1)
swaped
(0, 1)
(2, 1)
A
A
DCP
(3, 1)
B
(0, 1)
(0, 1)
B
swaped
(0, 1)
(3, 1)
B
(2, 1)
(2, 1)
swaped
(2, 1)
(3, 1)
B
B
DCP
(0, 2)
A
(2, 1)
(2, 1)
B
swaped
(1, 1)
(0, 2)
B
A
DCP
(1, 2)
A
(2, 1)
(2, 1)
A
swaped
(2, 1)
(1, 2)
A
(3, 1)
(3, 1)
swaped
(3, 1)
(1, 2)
B
A
DCP
(2, 2)
A
(3, 1)
(3, 1)
A
swaped
(3, 1)
(2, 2)
B
(1, 2)
(1, 2)
swaped
(1, 2)
(2, 2)
A
A
DCP
(3, 2)
B
(1, 2)
(1, 2)
B
swaped
(0, 2)
(3, 2)
B
B
DCP
(0, 3)
A
(1, 2)
(1, 2)
B
swaped
(1, 2)
(0, 3)
A
(2, 2)
(2, 2)
swaped
(2, 2)
(0, 3)
B
B
DCP
(1, 3)
A
(2, 2)
(2, 2)
B
swaped
(2, 2)
(1, 3)
B
(0, 3)
(0, 3)
swaped
(0, 3)
(1, 3)
A
B
DCP
(2, 3)
B
(0, 3)
(0, 3)
A
swaped
(3, 2)
(2, 3)
A
A
DCP
(3, 3)
B
(0, 3)
(0, 3)
B
swaped
(0, 3)
(3, 3)
B
(1, 3)
(1, 3)
swaped
(1, 3)
(3, 3)
B
B
DCP
(0, 4)
A
(1, 3)
(1, 3)
B
swaped
(1, 3)
(0, 4)
A
(3, 3)
(3, 3)
swaped
(3, 3)
(0, 4)
B
B
DCP
(1, 4)
A
(3, 3)
(3, 3)
B
swaped
(2, 3)
(1, 4)
B
A
DCP
(2, 4)
A
(3, 3)
(3, 3)
A
swaped
(3, 3)
(2, 4)
B
(0, 4)
(0, 4)
swaped
(0, 4)
(2, 4)
A
A
DCP
(3, 4)
B
(0, 4)
(0, 4)
B
swaped
(0, 4)
(3, 4)
B
(2, 4)
(2, 4)
swaped
(2, 4)
(3, 4)
B
B
DCP
(0, 5)
A
(2, 4)
(2, 4)
B
swaped
(1, 4)
(0, 5)
B
A
DCP
(1, 5)
A
(2, 4)
(2, 4)
A
swaped
(2, 4)
(1, 5)
A
(3, 4)
(3, 4)
swaped
(3, 4)
(1, 5)
B
A
DCP
(2, 5)
A
(3, 4)
(3, 4)
A
swaped
(3, 4)
(2, 5)
B
(1, 5)
(1, 5)
swaped
(1, 5)
(2, 5)
A
A
DCP
(3, 5)
B
(1, 5)
(1, 5)
B
swaped
(0, 5)
(3, 5)
B
B
0 0
1 0
2 0
3 0
0 1
1 1
2 1
3 1
0 2
1 2
2 2
3 2
0 3
1 3
2 3
3 3
0 4
1 4
2 4
3 4





